88 0 88 0
10 0 10 0
89 0 89 0
153 0 153 0
45 0 45 0
46 0 46 0
112 0 112 0
132 0 132 0
191 0 191 0
83 0 83 0
110 0 110 0
48 0 48 0
135 0 135 0
185 0 185 0
122 0 122 0
194 0 194 0
85 0 85 0
144 0 144 0
186 0 186 0
59 0 59 0
-1 -1 -1 -1
86 1 86 1
173 0 173 0
-1 -1 -1 -1
172 0 172 0
-1 -1 -1 -1
185 0 185 0
153 0 153 0
18 0 18 0
-1 -1 -1 -1
-1 -1 -1 -1
51 0 51 0
-1 -1 -1 -1
110 0 110 0
122 0 122 0
83 0 83 0
27 0 27 0
-1 -1 -1 -1
10 0 10 0
46 0 46 0
-1 -1 -1 -1
-1 -1 -1 -1
126 0 126 0
-1 -1 -1 -1
-1 -1 -1 -1
173 0 173 0
110 0 110 0
-1 -1 -1 -1
18 0 18 0
-1 -1 -1 -1
25 0 25 0
-1 -1 -1 -1
89 0 89 0
-1 -1 -1 -1
16 0 16 0
170 0 170 0
27 0 27 0
10 0 10 0
-1 -1 -1 -1
16 0 16 0
80 0 80 0
126 0 126 0
190 0 190 0
-1 -1 -1 -1
-1 -1 -1 -1
144 0 144 0
47 1 47 1
60 0 60 0
148 0 148 0
195 0 195 0
-1 -1 -1 -1
85 0 85 0
64 0 64 0
-1 -1 -1 -1
192 0 192 0
195 0 195 0
60 0 60 0
148 0 148 0
59 0 59 0
172 0 172 0
-1 -1 -1 -1
191 0 191 0
27 0 27 0
57 0 57 0
192 0 192 0
65 1 65 1
-1 -1 -1 -1
195 0 195 0
17 1 17 1
176 0 176 0
86 1 86 1
94 0 94 0
-1 -1 -1 -1
-1 -1 -1 -1
132 0 132 0
122 0 122 0
170 0 170 0
-1 -1 -1 -1
-1 -1 -1 -1
108 0 108 0
61 1 61 1
40 0 40 0
171 0 171 0
40 0 40 0
174 1 174 1
58 1 58 1
45 0 45 0
61 1 61 1
193 2 193 2
41 0 41 0
166 0 166 0
172 0 172 0
149 0 149 0
-1 -1 -1 -1
135 0 135 0
109 0 109 0
88 0 88 0
97 0 97 0
16 0 16 0
186 0 186 0
0 0
